m = 125.870062736098;
Gamma = 1.19171621296864;
A = 5.86613764067563;
